D1=[   1,  1,  1, -1,  1,  1,  1, -1,  1,  1,  1, -1, -1, -1, -1,  1,  0,  0,  1,  1, -1,  1,  1,  1, -1,  1,  1,  1, -1,  1, -1, -1,  1, -1;
  1, -1,  1,  1,  1, -1,  1,  1,  1, -1,  1,  1, -1,  1, -1, -1,  0,  0,  1, -1, -1, -1,  1, -1, -1, -1,  1, -1, -1, -1, -1,  1,  1,  1;
  1,  1,  1, -1, -1, -1, -1,  1,  1,  1,  1, -1,  1,  1,  1, -1,  0,  0,  1,  1, -1,  1, -1, -1,  1, -1,  1,  1, -1,  1,  1,  1, -1,  1;
  1, -1,  1,  1, -1,  1, -1, -1,  1, -1,  1,  1,  1, -1,  1,  1,  0,  0,  1, -1, -1, -1, -1,  1,  1,  1,  1, -1, -1, -1,  1, -1, -1, -1
];
D2=[  1,  1,  1, -1,  1,  1,  1, -1, -1, -1, -1,  1,  1,  1,  1, -1,  0,  0,  1,  1, -1,  1,  1,  1, -1,  1, -1, -1,  1, -1,  1,  1, -1,  1;
  1, -1,  1,  1,  1, -1,  1,  1, -1,  1, -1, -1,  1, -1,  1,  1,  0,  0,  1, -1, -1, -1,  1, -1, -1, -1, -1,  1,  1,  1,  1, -1, -1, -1;
  1,  1,  1, -1, -1, -1, -1,  1, -1, -1, -1,  1, -1, -1, -1,  1,  0,  0,  1,  1, -1,  1, -1, -1,  1, -1, -1, -1,  1, -1, -1, -1,  1, -1;
  1, -1,  1,  1, -1,  1, -1, -1, -1,  1, -1, -1, -1,  1, -1, -1,  0,  0,  1, -1, -1, -1, -1,  1,  1,  1, -1,  1,  1,  1, -1,  1,  1,  1];
D3=[ 1,  1,  1,  1,  1, -1,  1, -1, -1, -1,  1,  1, -1,  1,  1, -1,  0,  0,  1,  1,  1,  1, -1,  1, -1,  1, -1, -1,  1,  1,  1, -1, -1,  1;
  1, -1,  1, -1,  1,  1,  1,  1, -1,  1,  1, -1, -1, -1,  1,  1,  0,  0,  1, -1,  1, -1, -1, -1, -1, -1, -1,  1,  1, -1,  1,  1, -1, -1;
  1,  1, -1, -1,  1, -1, -1,  1, -1, -1, -1, -1, -1,  1, -1,  1,  0,  0,  1,  1, -1, -1, -1,  1,  1, -1, -1, -1, -1, -1,  1, -1,  1, -1;
  1, -1, -1,  1,  1,  1, -1, -1, -1,  1, -1,  1, -1, -1, -1, -1,  0,  0,  1, -1, -1,  1, -1, -1,  1,  1, -1,  1, -1,  1,  1,  1,  1,  1];
D4=[1,  1,  1,  1,  1, -1,  1, -1,  1,  1, -1, -1,  1, -1, -1,  1,  0,  0,  1,  1,  1,  1, -1,  1, -1,  1,  1,  1, -1, -1, -1,  1,  1, -1;
  1, -1,  1, -1,  1,  1,  1,  1,  1, -1, -1,  1,  1,  1, -1, -1,  0,  0,  1, -1,  1, -1, -1, -1, -1, -1,  1, -1, -1,  1, -1, -1,  1,  1;
  1,  1, -1, -1,  1, -1, -1,  1,  1,  1,  1,  1,  1, -1,  1, -1,  0,  0,  1,  1, -1, -1, -1,  1,  1, -1,  1,  1,  1,  1, -1,  1, -1,  1;
  1, -1, -1,  1,  1,  1, -1, -1,  1, -1,  1, -1,  1,  1,  1,  1,  0,  0,  1, -1, -1,  1, -1, -1,  1,  1,  1, -1,  1, -1, -1, -1, -1, -1
];
 D5=kron(D1,D3)
 D6=kron(D2,D4)
 for u=0:1155
    s1=0;
    for j=1:16
      for k=1:1156
        if k+u<=1156
           s1=s1+complex((D5(j,k)*conj(D6(j,k+u))));
        else
        D5(j,k+u)=0;
        end
      end
     j=j+1;
    end
    s(u+1)=s1;
 end
s

s2 = fliplr(s);
s3=cat(2,s2,s);
Y=-1156:1155;
xlabel('\tau');
stem(Y,s3,'filled');
grid
axis on
