D=[  1,   1,   1,  -1,   0,   1,   1,  -1,   1, 0,   0, 0,   1,   1,   1,   1,   1,  -1,  -1,   1,   0,   0,   1,   1,  -1,  -1,   1,  -1,   1,  -1; 
  1,  -1,   1,   1,   0,   1,  -1,  -1,  -1, 0,   0, 0,   1,  -1,   1,  -1,   1,   1,  -1,  -1,   0,   0,   1,  -1,  -1,   1,   1,   1,   1,   1; 
  1,   1,   1,  -1,   0,   1,   1,  -1,   1, 0,   0, 0,   1,   1,   1,   1,   1,  -1,  -1,   1,   0,   0,   1,   1,  -1,  -1,   1,  -1,   1,  -1; 
  1,  -1,   1,   1,   0,   1,  -1,  -1,  -1, 0,   0, 0,   1,  -1,   1,  -1,   1,   1,  -1,  -1,   0,   0,   1,  -1,  -1,   1,   1,   1,   1,   1; 
  1,   1,   1,  -1,   0,   1,   1,  -1,   1, 0,   0, 0,  -1,  -1,   -1,   -1,   -1,  1,  1,   -1,   0,   0,   -1,   -1,  1,  1,   -1,  1,   -1,  1; 
  1,  -1,   1,   1,   0,   1,  -1,  -1,  -1, 0,   0, 0,  -1,  1,   -1,  1,   -1,   -1,  1,  1,   0,   0,   -1,  1,  1,   -1,   -1,   -1,   -1,   -1; 
  1,   1,   1,  -1,   0,   1,   1,  -1,   1, 0,   0, 0,  -1,  -1,   -1,   -1,   -1,  1,  1,   -1,   0,   0,   -1,   -1,  1,  1,   -1,  1,   -1,  1; 
  1,  -1,   1,   1,   0,   1,  -1,  -1,  -1, 0,   0, 0,  -1,  1,   -1,  1,   -1,   -1,  1,  1,   0,   0,   -1,  1,  1,   -1,   -1,   -1,   -1,   -1 ];
D
 for u=0:29
    s1=0;
    for j=1:8
      for k=1:30
        if k+u<=30
           s1=s1+complex((D(j,k)*conj(D(j,k+u))));
        else
        D(j,k+u)=0;
        end
      end
     j=j+1;
    end
    s(u+1)=s1;
end

s
